14.63455417 33.33540908 48.5346289 54.40591345 45.47387088 40.91810188 57.24326105 64.50232973 60.46715544 45.53757602 32.25320269 36.53205015 59.63100358 35.08429574 38.2696228 20.20196282 41.39519842 20.69972994 11.73613764 5.898316081
10.29883822 12.46169241 30.62563458 39.11918097 31.02517547 28.57402099 36.54040997 42.04595757 41.43556225 39.20654783 38.94325577 48.62999251 67.55958251 45.51412967 21.10683064 21.95257018 15.07824079 21.20083509 27.15687534 24.57611384
35.91642224 43.12894406 33.58721642 41.67928498 32.62250637 21.98427924 22.34026212 25.63870138 26.70098982 28.30575777 56.031738 44.54197531 51.93706408 34.99619794 52.30498914 43.09658829 42.15275599 27.42707464 17.21776295 25.38498666
23.31370881 37.28000885 34.13100592 30.59352494 32.97786635 28.54987127 32.60805505 31.47798046 47.86189197 35.63126478 46.60522044 62.76519625 63.31954168 65.2512562 61.83116216 52.35276672 43.29110701 41.28775516 42.36337003 41.05366029
19.00588074 21.53482192 21.13232714 21.36800617 26.06544383 30.59310053 31.84606375 60.31727148 47.2017548 49.48048029 50.18030505 73.26068045 75.2631181 65.27823659 56.95211024 56.69536053 51.54729273 28.20773729 26.57287983 18.72475153
15.33599153 22.15468277 21.85507348 28.83566798 29.92646783 33.30923629 47.91543916 56.93808987 45.12653343 35.08894281 78.11664493 66.63319211 57.74958956 51.32915641 48.18814261 38.8433911 26.64920728 27.10472137 20.85290436 18.1510638
18.21483993 23.58234551 31.15699481 35.70849745 46.56781642 47.70246959 44.48395247 41.0132428 37.91890483 30.52682109 55.257475 52.92727807 76.91302227 48.15819309 46.75466437 37.3786672 26.40768592 37.59345016 49.81989354 38.01950563
37.61704143 36.73780713 39.38209142 50.06922511 61.568164 47.52314914 34.36157057 37.79013514 43.34876431 36.79508112 39.54516914 48.83873636 29.54260286 25.20886197 41.34996167 47.89398799 40.69364931 48.47983537 35.71608191 30.17727407
52.86462931 41.03919087 25.51549355 24.94192144 34.42493796 30.18645239 37.78476401 34.33409962 34.95435278 50.77974757 45.41541876 38.09896767 26.37566242 25.1545832 36.46451706 20.64417777 21.79144547 24.03118481 19.92090467 21.50363362
12.15405894 20.66777124 19.43330263 24.94293287 19.7196194 40.40205886 52.73167713 58.96462939 42.05465559 43.9482672 31.46516106 26.64749719 23.24957598 30.12006486 23.36391232 25.36235919 29.77639764 20.88562721 21.33350243 32.14738766
