58.59428605 74.51578323 69.92554262 62.18893341 58.1910389 49.83977568 66.70035725 67.69530936 76.88703799 69.8993607 56.55597664 46.92174966 70.03085496 68.95302149 62.62935913 36.27094549 47.05928794 35.26881146 42.14508731 43.30974294
48.11362149 54.55108073 60.92917062 57.97136076 53.51450783 56.4005655 59.44473477 69.03408113 74.71353519 71.0595183 63.45554111 67.69548448 70.70224133 66.19322101 50.61913928 67.09605716 58.15815665 40.81742821 50.94995166 59.02783511
54.15391155 62.16669039 58.72686316 63.28828534 60.40301858 63.66723297 58.79310936 59.04385307 61.89114316 63.83084088 66.82354984 79.51288002 79.80872205 69.15253775 67.02739795 79.65819444 65.46902095 51.22552303 45.52394729 53.50686612
51.40630463 65.42235292 64.15460861 53.1817107 49.79853796 56.40863373 61.10284055 67.4792673 79.74821256 71.14462942 69.91521208 77.13411504 77.24688814 73.26865263 71.62208601 66.51383052 67.61663175 50.83279985 48.35262089 42.62587914
25.61315549 33.03465057 38.09441185 37.71583681 46.50725686 52.25606134 61.69181992 73.62847433 65.43322147 71.81016206 78.32297034 80.88732921 82.25426409 70.17023642 48.15348324 55.55342563 66.14697928 26.58513659 34.67405222 35.07888046
26.31474462 38.14442811 36.2821541 49.78780238 60.87704583 69.92016926 68.361799 75.24428401 73.63104844 68.85669114 75.56487649 72.98211888 64.07329389 49.24515011 37.56630653 47.85279514 37.5948176 36.8464021 38.81466576 32.20636391
56.83936657 52.11582382 62.44837278 62.4619503 74.3642643 75.26585496 73.71870602 75.60859235 69.55071184 60.84793955 64.95403427 67.12932344 65.86701378 58.58770002 45.90835737 41.89546996 45.29551806 58.36924134 74.06798424 53.1207613
54.47134436 48.09997376 70.33293746 64.98671303 82.45591911 84.13619172 67.56382012 70.18348542 68.85653836 70.38938752 46.48654801 42.02376144 32.23438543 31.74522153 36.90085798 39.27438863 52.46185785 61.56583795 70.31487121 66.30488019
59.86489755 58.99111247 55.29283476 50.67835215 57.8270732 62.15369863 68.53567835 74.11088543 72.11754623 66.15444945 57.52436135 56.53366976 52.38549727 36.66170931 42.41444719 39.28952251 42.35567476 45.53281997 36.50814833 26.79901769
14.51738015 24.52803006 29.71059415 60.40178168 67.36195814 68.91317653 67.23213086 69.50312968 51.92522794 64.52583963 41.15018278 55.07699015 57.68767106 69.61288476 45.86629789 48.21266898 53.56543461 52.97983709 51.11036874 53.29172618
