45.33004172 60.67719054 53.37413074 50.38205841 99.45299026 99.55257302 99.6433936 99.83031989 99.77802503 98.98845619 64.15034771 52.23685675 67.38108484 22.29958275 19.26926287 6.431154381 48.99749652 29.91223922 10.80820584 2.593184979
16.78066759 27.00556328 99.53184979 99.54742698 98.42239221 79.8922114 96.85883171 99.33171071 99.76397775 93.54311544 72.71529903 43.38817803 80.13852573 42.97955494 16.34297636 17.04659249 8.528233658 21.7659249 19.78734353 46.07371349
41.55799722 49.48636996 75.37607789 82.70347705 55.47774687 46.17079277 52.28080668 76.74311544 92.89012517 90.57496523 76.27510431 43.69499305 46.59763561 36.31307371 42.86161335 19.64840056 33.43838665 13.33977747 5.309596662 13.71168289
21.90625869 43.88901252 45.81363004 66.33769124 58.23880389 38.83630042 56.31724618 59.44061196 72.77107093 99.09109875 95.78052851 49.68803894 56.83435327 51.9759388 41.9744089 26.11057024 17.61015299 14.68845619 16.94589708 17.2433936
55.9705146 38.92044506 27.09888734 26.12739917 32.84311544 39.32378303 46.41877608 99.33977747 78.72739917 67.27454798 57.42767733 40.51808067 65.87802503 53.85257302 50.51808067 54.54979138 29.34770515 12.40027816 21.74798331 31.05215577
15.37872045 17.68511822 21.39582754 35.13880389 50.98859527 87.39151599 81.31571627 79.28414465 72.02114047 52.58094576 71.44297636 36.8403338 34.21363004 60.42072323 61.48317107 42.82586926 21.87872045 51.41877608 9.539916551 9.053268428
13.81571627 25.33880389 41.14353268 71.33296245 93.57566064 99.66397775 99.63477051 90.67649513 48.82141864 46.77607789 41.53713491 30.72934631 69.15674548 40.61265647 55.56119611 29.75340751 13.16675939 14.05006954 29.29554937 21.66995828
37.83143255 47.23226704 94.71293463 98.26286509 99.7689847 97.02670376 94.19485396 70.00611961 84.05368567 59.12141864 33.03518776 28.06022253 20.12573018 20.7984701 46.73504868 42.17802503 18.83379694 40.96467316 12.63463143 6.085396384
98.70764951 98.20611961 65.41335188 60.32767733 89.23546592 83.15479833 94.69791377 93.77037552 69.73783032 89.9077886 46.0488178 33.12489569 17.83810848 22.52795549 29.572879 13.32934631 20.86022253 15.618637 9.364951321 7.354381085
24.32614743 41.14130737 39.11043115 42.6403338 64.11988873 92.9077886 99.85591099 99.94770515 98.2488178 90.77663421 74.79388039 36.14381085 26.69485396 25.04687065 12.65994437 24.71696801 45.91251739 6.78984701 6.941446453 4.170792768
